jaccard: 0.394755
fmeasure: 0.687176
purity: 0.686500
cr_index: 0.421337
Sillouet: 0.115437
Distancias_ao_centro: 996.606101
