jaccard: 0.313351
fmeasure: 0.564581
purity: 0.687879
cr_index: 0.370740
sillouet: 0.041935
distancias_aos_centros: 208906.558858
