jaccard: 0.387427
fmeasure: 0.616281
purity: 0.874750
cr_index: 0.444088
sillouet: -nan
distancias_aos_centros: 1763403.930055
