jaccard: 0.400233
fmeasure: 0.679221
purity: 0.678500
cr_index: 0.430042
Sillouet: 0.120646
Distancias_ao_centro: 993.835446
