Saidas/Subcorel2/Rene/Normal/ENSEMBLE-SubCorel2-HM-GB-MAXPSO-RWL_20_20_50_3_2.000000_2.000000_0.400000_0.900000_4.txt/result_AGGREGATION
jaccard: 0.405054
fmeasure: 0.689923
purity: 0.687500
cr_index: 0.436623
Sillouet: 0.117579
Distancias_ao_centro: 995.637987

Saidas/Subcorel2/Rene/Normal/ENSEMBLE-SubCorel2-HM-GB-MAXPSO-RWL_20_20_50_3_2.000000_2.000000_0.400000_0.900000_4.txt/result_CSPA.part.4
jaccard: 0.402833
fmeasure: 0.686538
purity: 0.685000
cr_index: 0.433795
Sillouet: 0.119591
Distancias_ao_centro: 995.038396

Saidas/Subcorel2/Rene/Normal/ENSEMBLE-SubCorel2-HM-GB-MAXPSO-RWL_20_20_50_3_2.000000_2.000000_0.400000_0.900000_4.txt/result_IVC
jaccard: 0.248120
fmeasure: 0.400000
purity: 1.000000
cr_index: 0.000000
Sillouet: -nan
Distancias_ao_centro: 1204.347110

Saidas/Subcorel2/Rene/Normal/ENSEMBLE-SubCorel2-HM-GB-MAXPSO-RWL_20_20_50_3_2.000000_2.000000_0.400000_0.900000_4.txt/result_MCLA
jaccard: 0.401195
fmeasure: 0.684521
purity: 0.682500
cr_index: 0.431512
Sillouet: 0.118031
Distancias_ao_centro: 995.474054

