jaccard: 0.397599
fmeasure: 0.676026
purity: 0.674833
cr_index: 0.426244
Sillouet: 0.119815
Distancias_ao_centro: 994.293773
