jaccard: 0.402862
fmeasure: 0.681184
purity: 0.681000
cr_index: 0.433732
Sillouet: 0.119725
Distancias_ao_centro: 994.425840
