jaccard: 0.402862
fmeasure: 0.681184
purity: 0.681000
cr_index: 0.433732
sillouet: 0.074152
distancias_aos_centros: 153.218183
