jaccard: 0.400687
fmeasure: 0.658457
purity: 0.798100
cr_index: 0.512481
sillouet: 0.173998
distancias_aos_centros: 2765382.529388
