jaccard: 0.421259
fmeasure: 0.679101
purity: 0.783150
cr_index: 0.537684
sillouet: 0.119576
distancias_aos_centros: 2844916.914833
