Saidas/Segmentation/Rene/Homogeneidade/ENSEMBLE-image-HM-GB-MAXPSO-RWL_15_20_50_3_2.000000_2.000000_0.400000_0.900000_7.txt/result_AGGREGATION
jaccard: 0.388251
fmeasure: 0.651290
purity: 0.655411
cr_index: 0.485621
Sillouet: 0.296905
Distancias_ao_centro: 898.294633

Saidas/Segmentation/Rene/Homogeneidade/ENSEMBLE-image-HM-GB-MAXPSO-RWL_15_20_50_3_2.000000_2.000000_0.400000_0.900000_7.txt/result_CSPA.part.7
jaccard: 0.391804
fmeasure: 0.661203
purity: 0.661472
cr_index: 0.490406
Sillouet: 0.284679
Distancias_ao_centro: 914.052832

Saidas/Segmentation/Rene/Homogeneidade/ENSEMBLE-image-HM-GB-MAXPSO-RWL_15_20_50_3_2.000000_2.000000_0.400000_0.900000_7.txt/result_MCLA
jaccard: 0.388251
fmeasure: 0.651290
purity: 0.655411
cr_index: 0.485621
Sillouet: 0.296905
Distancias_ao_centro: 898.294633

