jaccard: 0.388318
fmeasure: 0.652887
purity: 0.657229
cr_index: 0.485674
Sillouet: 0.296855
Distancias_ao_centro: 898.476573
