jaccard: 0.388057
fmeasure: 0.652106
purity: 0.656854
cr_index: 0.485340
sillouet: 0.199123
distancias_aos_centros: 163754.350793
