Saidas/Segmentation/Rene/Normal/ENSEMBLE-image-HM-GB-MAXPSO-RWL_5_20_50_3_2.000000_2.000000_0.400000_0.900000_7.txt/result_AGGREGATION
jaccard: 0.388251
fmeasure: 0.651290
purity: 0.655411
cr_index: 0.485621
Sillouet: 0.296905
Distancias_ao_centro: 898.294633

Saidas/Segmentation/Rene/Normal/ENSEMBLE-image-HM-GB-MAXPSO-RWL_5_20_50_3_2.000000_2.000000_0.400000_0.900000_7.txt/result_CSPA.part.7
jaccard: 0.379759
fmeasure: 0.647373
purity: 0.647619
cr_index: 0.475776
Sillouet: 0.274841
Distancias_ao_centro: 930.549903

Saidas/Segmentation/Rene/Normal/ENSEMBLE-image-HM-GB-MAXPSO-RWL_5_20_50_3_2.000000_2.000000_0.400000_0.900000_7.txt/result_MCLA
jaccard: 0.388251
fmeasure: 0.651290
purity: 0.655411
cr_index: 0.485621
Sillouet: 0.296905
Distancias_ao_centro: 898.294633

