jaccard: 0.388740
fmeasure: 0.653108
purity: 0.657381
cr_index: 0.486207
sillouet: 0.200009
distancias_aos_centros: 163437.448954
