jaccard: 0.388913
fmeasure: 0.654643
purity: 0.659221
cr_index: 0.486403
sillouet: 0.200023
distancias_aos_centros: 163425.485211
