jaccard: 0.228215
fmeasure: 0.477098
purity: 0.556753
cr_index: 0.246475
sillouet: 0.152710
distancias_aos_centros: 188328.079880
