jaccard: 0.228693
fmeasure: 0.478272
purity: 0.559827
cr_index: 0.245234
Sillouet: 0.076963
Distancias_ao_centro: 1316.400066
