jaccard: 0.228693
fmeasure: 0.478272
purity: 0.559827
cr_index: 0.245234
sillouet: 0.153608
distancias_aos_centros: 184209.928424
