jaccard: 0.232146
fmeasure: 0.490644
purity: 0.561847
cr_index: 0.253663
sillouet: 0.166372
distancias_aos_centros: 184473.152288
