jaccard: 0.229413
fmeasure: 0.482137
purity: 0.555325
cr_index: 0.249353
sillouet: 0.183510
distancias_aos_centros: 183647.314227
