jaccard: 0.241073
fmeasure: 0.490720
purity: 0.547922
cr_index: 0.273051
sillouet: 0.145625
distancias_aos_centros: 184308.392223
