jaccard: 0.225101
fmeasure: 0.469734
purity: 0.553608
cr_index: 0.239950
sillouet: 0.164269
distancias_aos_centros: 187394.804175
