jaccard: 0.247290
fmeasure: 0.513758
purity: 0.577922
cr_index: 0.280733
sillouet: 0.196018
distancias_aos_centros: 175629.298250
