jaccard: 0.241288
fmeasure: 0.497317
purity: 0.573983
cr_index: 0.268186
sillouet: 0.180730
distancias_aos_centros: 176043.031687
