Saidas/Segmentation/Rene/Silhueta/ENSEMBLE-image-SC-GB-MAXPSO-RWL_5_20_50_5_2.000000_2.000000_0.400000_0.900000_7.txt/result_AGGREGATION
jaccard: 0.244019
fmeasure: 0.517228
purity: 0.518615
cr_index: 0.298752
Sillouet: -0.104142
Distancias_ao_centro: 1087.666902

Saidas/Segmentation/Rene/Silhueta/ENSEMBLE-image-SC-GB-MAXPSO-RWL_5_20_50_5_2.000000_2.000000_0.400000_0.900000_7.txt/result_CSPA.part.7
jaccard: 0.261902
fmeasure: 0.532378
purity: 0.532468
cr_index: 0.317901
Sillouet: 0.150217
Distancias_ao_centro: 1210.975837

Saidas/Segmentation/Rene/Silhueta/ENSEMBLE-image-SC-GB-MAXPSO-RWL_5_20_50_5_2.000000_2.000000_0.400000_0.900000_7.txt/result_MCLA
jaccard: 0.258682
fmeasure: 0.514455
purity: 0.599134
cr_index: 0.300758
Sillouet: 0.129739
Distancias_ao_centro: 1276.624557

