jaccard: 0.255217
fmeasure: 0.518441
purity: 0.591342
cr_index: 0.289302
sillouet: 0.202319
distancias_aos_centros: 178021.982465
