jaccard: 0.417616
fmeasure: 0.671331
purity: 0.805000
cr_index: 0.532917
sillouet: 0.145334
distancias_aos_centros: 2770887.489143
