jaccard: 0.387490
fmeasure: 0.641332
purity: 0.767567
cr_index: 0.498083
sillouet: 0.152439
distancias_aos_centros: 2703867.746260
