Saidas/Subcorel2/Rene/Silhueta/ENSEMBLE-SubCorel2-SC-GB-MAXPSO-RWL_10_20_50_5_2.000000_2.000000_0.400000_0.900000_4.txt/result_AGGREGATION
jaccard: 0.337597
fmeasure: 0.588536
purity: 0.620000
cr_index: 0.341178
Sillouet: 0.002250
Distancias_ao_centro: 975.217992

Saidas/Subcorel2/Rene/Silhueta/ENSEMBLE-SubCorel2-SC-GB-MAXPSO-RWL_10_20_50_5_2.000000_2.000000_0.400000_0.900000_4.txt/result_CSPA.part.4
jaccard: 0.310434
fmeasure: 0.570000
purity: 0.570000
cr_index: 0.300138
Sillouet: 0.089835
Distancias_ao_centro: 1007.229481

Saidas/Subcorel2/Rene/Silhueta/ENSEMBLE-SubCorel2-SC-GB-MAXPSO-RWL_10_20_50_5_2.000000_2.000000_0.400000_0.900000_4.txt/result_IVC
jaccard: 0.248120
fmeasure: 0.400000
purity: 1.000000
cr_index: 0.000000
Sillouet: -nan
Distancias_ao_centro: 1204.347110

Saidas/Subcorel2/Rene/Silhueta/ENSEMBLE-SubCorel2-SC-GB-MAXPSO-RWL_10_20_50_5_2.000000_2.000000_0.400000_0.900000_4.txt/result_MCLA
jaccard: 0.359229
fmeasure: 0.572003
purity: 0.700000
cr_index: 0.340194
Sillouet: 0.106206
Distancias_ao_centro: 1031.679058

