jaccard: 0.513382
fmeasure: 0.804926
purity: 0.813200
cr_index: 0.641166
sillouet: 0.206535
distancias_aos_centros: 2027185.807079
