jaccard: 0.526869
fmeasure: 0.815418
purity: 0.819550
cr_index: 0.654696
sillouet: 0.213320
distancias_aos_centros: 2037453.260367
