jaccard: 0.527196
fmeasure: 0.817161
purity: 0.822033
cr_index: 0.654975
sillouet: 0.215646
distancias_aos_centros: 2032400.722976
