jaccard: 0.526869
fmeasure: 0.815418
purity: 0.819550
cr_index: 0.654696
sillouet: -0.057540
distancias_aos_centros: 1762943.474961
