jaccard: 0.526329
fmeasure: 0.817560
purity: 0.821775
cr_index: 0.654173
sillouet: -0.058746
distancias_aos_centros: 1762890.433693
