jaccard: 0.397599
fmeasure: 0.676026
purity: 0.674833
cr_index: 0.426244
sillouet: 0.073903
distancias_aos_centros: 153.294885
