jaccard: 0.396277
fmeasure: 0.669126
purity: 0.668833
cr_index: 0.424511
sillouet: 0.074045
distancias_aos_centros: 152.884751
