jaccard: 0.402055
fmeasure: 0.678372
purity: 0.678000
cr_index: 0.432495
sillouet: 0.074458
distancias_aos_centros: 153.053540
